e:\cpsc 464\new vrp\agent-based-vehicle-routing-problem\hermes\problems\c105.txt 1 100 2 200.0 1236.0 1810.0 166.76247 11329.538 9000.0 2162.7756 0.0 0.0 0.0
1 0 150.0 154.10701 13 0 42 43 40 44 58 60 59 68 66 69 49 -1 
1 1 150.0 286.76294 11 0 65 54 53 56 77 79 99 1 47 -1 
1 2 150.0 194.6424 9 0 98 96 94 92 93 97 100 -1 
1 3 150.0 172.1516 6 0 81 63 62 74 -1 
1 4 50.0 183.44363 4 0 87 95 -1 


1 0 140.0 101.66857 11 0 3 17 8 10 11 9 6 4 2 -1 
1 1 180.0 168.17198 12 0 24 7 18 19 16 14 12 23 22 21 -1 
1 2 190.0 176.57808 13 0 5 13 25 29 30 28 26 34 50 52 75 -1 
1 3 170.0 144.5139 11 0 32 33 31 35 46 45 48 51 91 -1 
1 4 150.0 241.05865 10 0 57 55 41 37 38 39 36 80 -1 
1 5 110.0 206.6175 10 0 20 67 27 15 72 61 64 89 -1 
1 6 90.0 96.40007 7 0 78 76 71 70 73 -1 
1 7 130.0 36.659378 9 0 90 86 83 82 84 85 88 -1 


